%Columns: Hemoglobin Leukocytes Platelets Erythrocytes MCV Lymphocytes Monocytes RDW-CV
C=[12.2	5.44	564	4.05	91.4	28.1	10.8	13.8
11.2	4.58	332	4.27	80.1	28.4	12	15.3
10.5	4.76	298	4.01	78.8	22.1	13	16.5
9.8	6.05	309	3.64	80.2	20.8	10.4	17.6
10.3	4.98	363	4	79.8	22.2	13	17.2
10	5.77	333	3.87	84	18.4	12.1	17
10.5	6.27	386	4.17	83	22.6	11.8	16.3
11.4	6.69	361	4.53	82	24.2	11.2	16.5
11.3	6.12	298	4.47	83	20.4	12.4	17.7
11.2	5.23	326	4.4	83	17.8	13.4	18.3
11.2	8.29	368	4.39	84	12.1	12.2	18.4
9.9	9.86	427	3.83	85	8.2	12	19
9.8	6.53	577	3.82	85	9.2	11.2	18.3
10.4	5.67	547	4.07	85	11.1	8.6	18.2
10.8	8.03	411	4.29	79.3	13.3	9.8	17.6
10.5	5.97	341	4.19	78.8	13.4	12.2	17.4
10.9	5.62	368	4.36	81	18.3	13.2	17
10.9	5.43	355	4.34	85	14.9	12	17.1
10.8	3.54	284	4.25	78.4	15.8	10.7	16.7
11.8	4.67	258	4.48	82	21.4	11.8	17.2
11.5	5.3	265	4.55	79.6	19.4	11.1	17.7
11.9	4.33	236	4.55	80	24.5	14.5	18.2
13.5	4.62	270	5.04	86	20.3	11	19.3
13.1	5.41	224	4.78	84.1	21.1	10.9	19
13	4.94	255	4.61	86.8	21.5	14.4	19.1
13.6	5.16	244	4.53	89.4	20.3	13.2	16.2
13.9	5.51	231	4.6	92	23.8	13.4	15.6
14.1	6.07	240	4.38	91.2	19.4	14	13.5
13.3	5.67	241	4.29	94	19.8	12.2	13.9
14	5.34	244	4.48	94	21	11.4	13.5
13.9	5.56	252	4.39	92.5	18.7	13.1	12.9
14.3	5.13	258	4.54	91.6	26.7	11.9	12.9
14.8	6.18	251	4.68	95	25.9	11.7	13.7
15.5	6.08	282	4.71	95	25.7	9	13.7
14.8	5.29	226	4.65	94.4	30.1	12.1	13.2
15.1	5.37	282	4.71	94.3	23.8	10.6	13.6
15.5	6.44	243	4.88	92.6	22	13.7	13.3
14.7	5.94	262	4.56	93.2	25.1	13.3	13.3
14.9	5.7	263	4.66	94	24	9.8	13.2
14.7	4.87	253	4.54	93.6	30.8	11.1	13
14.2	5.63	259	4.5	96.2	24.2	10.7	13.8
14.8	6.6	265	4.76	95.8	22.7	13.9	12.7
15.5	6.35	272	4.88	97.1	25	13.7	14.2
14.6	6.33	244	4.59	95.6	21.8	13.6	13.9];
